Iteration 0 avg residual 2.3199786932854662 , avg iterations 3.0
Iteration 1 avg residual 0.3184069582475957 , avg iterations 2.0
Iteration 2 avg residual 0.18932329290895028 , avg iterations 2.0
Iteration 3 avg residual 0.09253389372911286 , avg iterations 2.0
Iteration 4 avg residual 0.06135458167330677 , avg iterations 2.0
Iteration 5 avg residual 0.033088160179793644 , avg iterations 2.0
685114 2.1890460137472094E-7
685134 2.1890460137472094E-7
685162 2.879465146933418E-6
685163 2.916945439329597E-6
685164 2.917161906819351E-6
685165 2.9216567220387812E-6
685166 2.9260761732931332E-6
685167 2.9214202210080664E-6
685168 3.757458199205087E-6
685169 7.94688848852274E-6
685170 8.036426304925226E-6
685171 8.509053562367565E-6
685172 3.7294342235169695E-7
685173 4.386217194523692E-7
685174 7.252212298594054E-6
685175 9.137419091412773E-6
685176 2.851620755959485E-7
685177 7.339629981087275E-6
685178 7.368361627897408E-6
685179 7.343963474176357E-6
685180 6.91899135677831E-7
685181 3.8047406011847114E-7
685183 5.207901881084256E-7
685184 5.197600559447572E-7
685185 3.8047406011847114E-7
685186 7.123121937229696E-7
685187 3.8451238604255845E-7
685188 5.197600559447572E-7
685189 5.207901881084256E-7
685190 4.4706838655740254E-7
685191 8.293867356154626E-7
685192 5.139765724391557E-7
685193 5.197600559447572E-7
685194 3.8047406011847114E-7
685195 5.207901881084256E-7
685196 4.7508330902270496E-7
685197 3.329864939660617E-7
685198 5.197600559447572E-7
685199 1.572464007287716E-6
685200 5.144236606053443E-7
685201 5.144236606053443E-7
685203 5.303545787369663E-7
685204 5.197600559447572E-7
685205 3.8047406011847114E-7
685206 3.8451238604255845E-7
685207 7.123121937229696E-7
685208 5.197600559447572E-7
685209 5.197600559447572E-7
685210 5.197600559447572E-7
685211 3.8047406011847114E-7
685212 1.7661445571712085E-6
685213 1.7661445571712085E-6
685214 1.7661445571712085E-6
685215 1.7661445571712087E-6
685216 1.7661445571712087E-6
685217 1.7661445571712085E-6
685218 5.207901881084256E-7
685219 4.4706838655740254E-7
685220 8.293867356154626E-7
685221 7.218633513206724E-7
685222 8.551333574583183E-7
685223 3.8047406011847114E-7
685224 3.3167031254317144E-7
685225 5.303545787369663E-7
685226 5.303545787369663E-7
685227 1.910927706951958E-6
685228 1.7695936503787942E-6
685229 3.8047406011847114E-7
